20250530233128
20250601115144
20250605151648
20250608130257
20250612131646
20250613034031
20250619221552
20250714021423
20250903010822
20250908120000
20250909094709
20250913161225
20250916032824
20250920120000
20250920120001
20250921120000
20250927082020
20250928145642
20251007132214
20251007134349
20251014105957
20251014120000
20251014135440
20251019123107
20251021141631
20251024153920
20251024230753
20251026165357
20251031202034
20251103134045
20251106024103
20251107001223
20251107153019
20251113041643
20251113140646
20251119001844
20251119001847
20251120150750
20251204163538
20251208175306
20251209184322
20251212112948
20251213114641
20251213140000
20251219192610
20251220011455
20251221091510
20251222140030
20251223234326
20251224103713
20251226120000
20251226121000
20251226125240
20251227040840
20251228033417
20251228063320
20251228065406
20251228080032
20251228080037
20251228082157
20251228100000
20251228150000
20251228160000
20251228215402
20251229030503
20251229100000
20251229233706
20251230114041
20251231060433
20260101042511
20260102120000
20260102140000
20260103030451
20260104100000
20260104110000
20260104120000
20260105014309
20260105150626
20260107000000
20260108000000
20260108024031
20260109000000
20260109000001
20260110044840
20260112140000
20260113000000
20260113132114
20260113160650
20260114214731
20260115025158
20260115051444
20260118000000
20260118005052
20260119182934
20260120165047
20260121000000
20260123140712
20260124231940
20260125151000
20260127120000
20260127121000
20260127153000
20260127232000
20260129120000
20260129123000
20260130032543
20260130033703
20260130040811
20260130190800
20260201015640
20260201042609
20260202090000
20260203010025
20260203120000
20260203140000
20260203150000
20260203160000
20260203173000
20260203190000
20260203201308
20260204100000
20260204103000
20260204103001
20260204181424
20260205031305
20260205120000
20260206120000
20260206213247
20260207180640
20260209014020
20260209024134
20260210132811
20260211034517
20260214054927
20260216102420
20260221150207
20260223000001
20260224091500
20260224093000
20260224153000
20260224153100
20260224153200
20260224153201
20260224153300
20260224153401
20260224153500
20260224160000
20260225000000
20260225000100
20260225105000
20260225120000
20260226000000
20260226000100
20260226090000
20260226153000
20260227000000
20260227000001
20260227010000
20260227150000
20260228000000
20260228000100
20260228000200
20260228000300
20260228154639
20260228172308
20260228172309
20260302000000
20260302185011
20260303150634
20260308121758
20260308121933
20260308203352
20260311120000
20260311123000
20260311124500
20260311150453
20260311162400
20260311164503
20260312000000
20260312183000
20260312202155
20260312202212
20260312202227
20260312202250
20260313104400
20260313104427
20260313121928
20260313130044
20260316132841
20260316220423
20260317020451
20260317020500
20260317021715
20260317040310
20260317090000
20260317100429
20260317160518
20260318210857
20260318220337
20260319090430
20260319094649
20260319103952
20260319155734
20260319164053
20260319221428
20260319235626
20260320044548
20260320133752
20260323075628
20260324181219
20260324181246
20260325032835
20260325043000
20260325045835
20260327044102
20260327210500
20260327220305
20260330141128
20260408134842
20260408140215
20260422104849
20260422203355
20260424090111
20260424090125
20260424090727
20260424090854
20260424090941
20260424091645
20260424094101
20260424094225
20260427092702
20260427105151
20260427105817
20260427105834
20260427105838
20260427105909
20260427110612
20260427142358
20260427144300
20260427144323
20260427144324
20260427144325
20260427144331
20260427175506
20260429094653
20260429135552
20260430145247
20260430145518
20260501162433
20260501200000
20260502134045
20260502134234
20260502134355
20260504174812
20260505163356
20260505193449
20260506101503
20260506103727
20260506152006
20260507082135
20260507090047
20260507090436
20260507091347
20260507153639
20260507165636
20260508122137
20260508135918
20260510103516
20260510161104
20260510171814
20260510183000
20260510190432
20260510191550
20260510214140
20260510214806
20260510235542
20260511101826
20260511151503
20260513000348
20260513152636
20260514093535
20260514102952
20260515170516
20260516151507
20260517102815
20260518120000
20260518121000
20260518130000
20260518131054
20260519065534
20260519123613
20260519151250
20260521210531
20260524123635
20260526133000
20260528002613
20260528013304
20260528023934
20260528090340
20260528113224
20260529075127
20260530083657
20260530114525
20260531063221
20260601101710
20260603102048
20260603113951
20260603174942
20260605104908
20260608094944
20260608111805
